Month      Balance In        Interest         Payment     Balance Out
    1        10000.00           83.33          544.90         9538.43
    2         9538.43           79.49          544.90         9073.02
    3         9073.02           75.61          544.90         8603.73
    4         8603.73           71.70          544.90         8130.53
    5         8130.53           67.75          544.90         7653.38
    6         7653.38           63.78          544.90         7172.26
    7         7172.26           59.77          544.90         6687.13
    8         6687.13           55.73          544.90         6197.96
    9         6197.96           51.65          544.90         5704.71
   10         5704.71           47.54          544.90         5207.35
   11         5207.35           43.39          544.90         4705.85
   12         4705.85           39.22          544.90         4200.16
   13         4200.16           35.00          544.90         3690.26
   14         3690.26           30.75          544.90         3176.12
   15         3176.12           26.47          544.90         2657.69
   16         2657.69           22.15          544.90         2134.93
   17         2134.93           17.79          544.90         1607.83
   18         1607.83           13.40          544.90         1076.33
   19         1076.33            8.97          544.90          540.40
   20          540.40            4.50          544.90           -0.00
